%YAML:1.0
---
camL_K: !!opencv-matrix
   rows: 3
   cols: 3
   dt: d
   data: [ 3.4924737121949711e+03, 0., 1.0744875657604664e+03, 0.,
       3.4843997920250363e+03, 8.1709520642144457e+02, 0., 0., 1. ]
camL_kc: !!opencv-matrix
   rows: 1
   cols: 5
   dt: d
   data: [ -9.2934457150029778e-02, 3.3923318652713347e-01,
       -7.7783135198016516e-04, -3.4960086136349397e-04,
       -1.2779172270154702e+00 ]
camR_K: !!opencv-matrix
   rows: 3
   cols: 3
   dt: d
   data: [ 3.4975586764628802e+03, 0., 1.1173370244633479e+03, 0.,
       3.4875768490351888e+03, 7.5980129583957637e+02, 0., 0., 1. ]
camR_kc: !!opencv-matrix
   rows: 1
   cols: 5
   dt: d
   data: [ -1.0147682071149101e-01, 2.2778739261438716e-01,
       -2.9249436705319217e-04, 2.5760183899835765e-04,
       2.0969694008407405e-01 ]
R: !!opencv-matrix
   rows: 3
   cols: 3
   dt: d
   data: [ 9.8997934642111862e-01, 1.0820060210331295e-01,
       9.0738764395903032e-02, -1.1061451498218558e-01,
       9.9361997042459893e-01, 2.1995077828342147e-02,
       -8.7779967731085956e-02, -3.1811697186719459e-02,
       9.9563180603435419e-01 ]
T: !!opencv-matrix
   rows: 3
   cols: 1
   dt: d
   data: [ -6.8699331300613451e+01, 1.1397102576825944e+00,
       1.3277141344913455e+01 ]
E: !!opencv-matrix
   rows: 3
   cols: 3
   dt: d
   data: [ 1.3686008205753590e+00, -1.3228688908054123e+01,
       8.4270002499312979e-01, 7.1136706262632003e+00,
       -7.4884763653480690e-01, 6.9603990696529422e+01,
       6.4708535954077782e+00, -6.8384344871209834e+01,
       -1.6144630392635093e+00 ]
F: !!opencv-matrix
   rows: 3
   cols: 3
   dt: d
   data: [ -3.2759438085837243e-08, 3.1738150703742468e-07,
       -2.9457883394983441e-04, -1.7076333328606920e-07,
       1.8017706199554032e-08, -5.6666058599482705e-03,
       -3.7538463642780492e-04, 5.3700311519384054e-03, 1. ]
camL_error: 8.6082245315704867e-02
camR_error: 6.4619496937706009e-02
stereo_error: 8.2855977655877405e-02
