%YAML:1.0
---
camL_K: !!opencv-matrix
   rows: 3
   cols: 3
   dt: d
   data: [ 1.7804453079736145e+03, 0., 1.0627678138765652e+03, 0.,
       1.7780798444805710e+03, 8.2444833012398101e+02, 0., 0., 1. ]
camL_kc: !!opencv-matrix
   rows: 1
   cols: 5
   dt: d
   data: [ -1.2396941267357907e-01, 2.1196905713979697e-01,
       -1.6551528384645404e-03, 1.2225843898621132e-04,
       2.4890699904154146e-02 ]
camR_K: !!opencv-matrix
   rows: 3
   cols: 3
   dt: d
   data: [ 1.7786762550326516e+03, 0., 1.0564425359408724e+03, 0.,
       1.7771504363769520e+03, 7.7558077136037343e+02, 0., 0., 1. ]
camR_kc: !!opencv-matrix
   rows: 1
   cols: 5
   dt: d
   data: [ -1.1764486177175217e-01, 1.5122597801554588e-01,
       -1.2622732895444212e-03, -6.5866208816123793e-04,
       9.8435088364732734e-02 ]
R: !!opencv-matrix
   rows: 3
   cols: 3
   dt: d
   data: [ 9.9980226397506988e-01, 1.9873803155368533e-02,
       -6.8183463257730779e-04, -1.9862772386012778e-02,
       9.9971126483785144e-01, 1.3522471277273540e-02,
       9.5038069528281626e-04, -1.3506254271444156e-02,
       9.9990833473478413e-01 ]
T: !!opencv-matrix
   rows: 3
   cols: 1
   dt: d
   data: [ -1.4043888967667809e+02, 2.0993744960712788e+00,
       1.8426366148634359e+00 ]
E: !!opencv-matrix
   rows: 3
   cols: 3
   dt: d
   data: [ 3.8595076664400749e-02, -1.8704592666365862e+00,
       2.0742650556523654e+00, 1.9757426688394901e+00,
       -1.8601831562018374e+00, 1.4042475993515001e+02,
       6.9054632568863017e-01, -1.4044006258657964e+02,
       -1.8976494256268961e+00 ]
F: !!opencv-matrix
   rows: 3
   cols: 3
   dt: d
   data: [ -1.7257910040800639e-07, 8.3749442800882784e-06,
       -2.3235179479954085e-02, -8.8421807181772895e-06,
       8.3360842212466110e-06, -1.1164014079009654e+00,
       1.5479493514685978e-03, 1.1031499721700453e+00, 1. ]
camL_error: 1.3596381178362535e-01
camR_error: 1.2625135067184057e-01
stereo_error: 1.7046421616521082e-01
