%YAML:1.0
---
camL_K: !!opencv-matrix
   rows: 3
   cols: 3
   dt: d
   data: [ 1.7734906800501112e+03, 0., 1.0586431028526590e+03, 0.,
       1.7741042549318192e+03, 8.0047984596369054e+02, 0., 0., 1. ]
camL_kc: !!opencv-matrix
   rows: 1
   cols: 5
   dt: d
   data: [ -1.1429283080470071e-01, 1.6858900189601525e-01,
       2.9855538273750959e-04, 9.5958241222780902e-04,
       1.2265893248277107e-01 ]
camR_K: !!opencv-matrix
   rows: 3
   cols: 3
   dt: d
   data: [ 1.7776648414363265e+03, 0., 1.0725186420277223e+03, 0.,
       1.7777461685606488e+03, 7.9883935894524768e+02, 0., 0., 1. ]
camR_kc: !!opencv-matrix
   rows: 1
   cols: 5
   dt: d
   data: [ -1.2157139333577402e-01, 2.0911390609427891e-01,
       -7.0280533700227920e-04, -6.2152457058083923e-05,
       4.2074778417516792e-02 ]
R: !!opencv-matrix
   rows: 3
   cols: 3
   dt: d
   data: [ 9.9340585933375580e-01, 7.1684218828531585e-02,
       8.9477211692728889e-02, -7.1925339878128255e-02,
       9.9740987750398791e-01, -5.3079270500059391e-04,
       -8.9283504214260970e-02, -5.9083862791075338e-03,
       9.9598872827296536e-01 ]
T: !!opencv-matrix
   rows: 3
   cols: 1
   dt: d
   data: [ -1.6988682956453442e+02, 3.4183346703048976e+00,
       3.1146844968275339e-01 ]
E: !!opencv-matrix
   rows: 3
   cols: 3
   dt: d
   data: [ -2.8279842383717596e-01, -3.3085854990785912e-01,
       3.4047881262692905e+00, -1.4858676880460097e+01,
       -9.8142964029493340e-01, 1.6923323665671452e+02,
       8.8233742666021779e+00, -1.6969184251603843e+02,
       -2.1568836512293182e-01 ]
F: !!opencv-matrix
   rows: 3
   cols: 3
   dt: d
   data: [ 7.8728384063056708e-09, 9.2076009244256068e-09,
       -1.8380720874774286e-04, 4.1363246974413548e-07,
       2.7311366337503646e-08, -8.8148014066775724e-03,
       -7.7552516537907914e-04, 8.3631965924109569e-03, 1. ]
camL_error: 4.9261136662521639e-02
camR_error: 4.8208572613472812e-02
stereo_error: 5.5705700503074669e-02
